px (픽셀)	rem (기본 16px)	em (기본 16px)	% (퍼센트)
2       	0.125       	0.125	    12.5
4       	0.25	        0.25	    25.0
6	        0.375	        0.375   	37.5
8	        0.5	            0.5	        50.0
10	        0.62        	0.62        62.5
12      	0.75	        0.75	    75.0
14      	0.88        	0.88	    87.5
16      	1.0	            1.0	        100.0
18      	1.12        	1.12	    112.5
20	        1.25        	1.25	    125.0
24	        1.5	            1.5	        150.0
28	        1.75        	1.75	    175.0
32	        2.0	            2.0	        200.0
36	        2.25	        2.25       	225.0
40	        2.5	            2.5	        250.0
48	        3.0	            3.0	        300.0
56	        3.5         	3.5	        350.0
64	        4.0         	4.0	        400.0